
VERSION 0.10

NB_ALVEOLES 61
COEFF_PROG_GEOM 0.98600
COEFF_EXP 0.00700
EPAI_REL_CENTRE 18.500
BORD_ATTAQUE_FORME 0.000 0.619  2.644 0.650  3.458 0.326  3.935 -0.124
BORD_DE_FUITE_FORME 0.000 -0.691  2.120 -0.679  3.562 -0.536  3.935 -0.484
SUSPENTAGE_LIGNE_A 0.000 0.511  1.054 0.501  2.775 0.520  3.935 -0.148
SUSPENTAGE_LIGNE_B 0.000 -0.195  1.250 -0.199  2.786 -0.004  3.935 -0.254
SUSPENTAGE_LIGNE_C 0.000 -0.415  1.720 -0.409  2.910 -0.284  3.935 -0.359
SUSPENTAGE_LIGNE_D 0.000 -0.612  1.953 -0.592  3.019 -0.529  3.935 -0.447
SUSPENTAGE_LIGNE_E 0.000 0.211  0.985 0.206  2.691 0.177  3.935 -0.207
DIEDRE 0.000 1.999  2.302 2.002  3.093 0.301  3.098 0.031
MORPHING 0.000 1.000  3.669 0.953  19.950 0.904  30.000 0.900
VRILLAGE 0.000 0.000  4.102 0.021  26.211 0.464  30.000 0.000
EPAISSEUR_RELATIVE 0.000 1.000  40.178 1.004  29.396 1.135  30.000 0.000

PROFIL_CENTRE E:\WindPatternsProject\Joker_5\HI_AR\f13_19.txt
PROFIL_BOUT E:\WindPatternsProject\Joker_5\HI_AR\f13_19.txt

TABLEAU_FORME 31
1 1.309 18.50 0.087 1.996 0.619 90.00 0.00 1.00 8.3 62.1 78.9 93.9 31.2
2 1.309 18.50 0.258 1.990 0.620 86.81 0.01 0.99 8.5 62.1 78.9 93.9 31.4
3 1.307 18.51 0.425 1.977 0.620 84.50 0.02 0.98 8.7 62.0 78.9 93.9 31.6
4 1.303 18.51 0.588 1.958 0.619 82.18 0.03 0.98 8.8 61.7 78.8 93.8 31.8
5 1.298 18.52 0.747 1.933 0.617 79.82 0.05 0.97 8.9 61.4 78.8 93.9 32.1
6 1.291 18.52 0.901 1.902 0.613 77.35 0.06 0.96 9.0 61.0 78.6 93.9 32.3
7 1.282 18.53 1.051 1.865 0.609 74.96 0.08 0.96 9.2 60.6 78.5 93.9 32.6
8 1.272 18.54 1.196 1.822 0.603 72.40 0.09 0.95 9.3 60.1 78.3 93.9 33.0
9 1.261 18.55 1.335 1.775 0.597 70.00 0.10 0.95 9.5 59.6 78.1 93.9 33.3
10 1.248 18.55 1.470 1.723 0.589 67.39 0.12 0.95 9.8 59.1 77.9 94.0 33.6
11 1.233 18.56 1.599 1.665 0.579 65.02 0.13 0.94 10.0 58.7 77.7 94.0 34.0
12 1.216 18.57 1.724 1.604 0.569 62.41 0.14 0.94 10.4 58.2 77.4 94.0 34.4
13 1.198 18.58 1.842 1.538 0.557 60.08 0.15 0.94 10.7 57.7 77.2 94.1 34.8
14 1.178 18.59 1.957 1.470 0.543 57.51 0.16 0.93 11.1 57.3 76.9 94.1 35.2
15 1.156 18.60 2.064 1.396 0.528 55.05 0.17 0.93 11.5 56.8 76.7 94.1 35.6
16 1.132 18.61 2.168 1.323 0.511 52.75 0.18 0.93 11.9 56.4 76.4 94.1 36.1
17 1.106 18.61 2.265 1.244 0.492 50.19 0.19 0.92 12.4 56.0 76.1 94.1 36.5
18 1.077 18.61 2.358 1.164 0.471 48.15 0.20 0.92 12.9 55.5 75.8 94.1 36.9
19 1.048 18.62 2.445 1.082 0.449 45.67 0.20 0.92 13.5 55.2 75.6 94.1 37.4
20 1.013 18.62 2.527 0.999 0.423 43.71 0.21 0.92 14.0 54.7 75.3 94.0 37.8
21 0.978 18.61 2.605 0.915 0.395 41.29 0.21 0.91 14.5 54.3 75.0 94.0 38.1
22 0.939 18.59 2.677 0.829 0.365 39.16 0.21 0.91 15.2 53.9 74.7 93.9 38.5
23 0.896 18.58 2.745 0.743 0.331 37.01 0.21 0.91 15.6 53.4 74.4 93.8 38.6
24 0.849 18.54 2.808 0.655 0.293 34.50 0.21 0.91 16.2 52.9 74.0 93.7 38.8
25 0.799 18.50 2.866 0.567 0.252 32.65 0.20 0.91 16.5 52.2 73.6 93.5 38.7
26 0.743 18.44 2.920 0.479 0.206 30.12 0.19 0.90 16.9 51.4 73.1 93.2 38.5
27 0.681 18.33 2.969 0.390 0.154 27.22 0.18 0.90 16.5 50.2 72.5 92.9 37.7
28 0.613 18.20 3.012 0.301 0.096 24.47 0.16 0.90 16.2 48.7 71.6 92.5 36.5
29 0.538 17.98 3.050 0.212 0.031 20.81 0.13 0.90 14.6 46.2 70.4 91.9 34.1
30 0.454 17.62 3.080 0.122 -0.042 14.86 0.08 0.90 12.3 42.7 68.5 91.1 30.4
31 0.360 0.00 3.098 0.031 -0.124 11.00 0.00 0.90 6.6 36.1 65.3 89.9 23.1